255.0 250.0 250.0 white
248.0 248.0 255.0 ghost
248.0 248.0 255.0 GhostWhite
245.0 245.0 245.0 white
245.0 245.0 245.0 WhiteSmoke
220.0 220.0 220.0 gainsboro
255.0 250.0 240.0 floral
255.0 250.0 240.0 FloralWhite
253.0 245.0 230.0 old
253.0 245.0 230.0 OldLace
250.0 240.0 230.0 linen
250.0 235.0 215.0 antique
250.0 235.0 215.0 AntiqueWhite
255.0 239.0 213.0 papaya
255.0 239.0 213.0 PapayaWhip
255.0 235.0 205.0 blanched
255.0 235.0 205.0 BlanchedAlmond
255.0 228.0 196.0 bisque
255.0 218.0 185.0 peach
255.0 218.0 185.0 PeachPuff
255.0 222.0 173.0 navajo
255.0 222.0 173.0 NavajoWhite
255.0 228.0 181.0 moccasin
255.0 248.0 220.0 cornsilk
255.0 255.0 240.0 ivory
255.0 250.0 205.0 lemon
255.0 250.0 205.0 LemonChiffon
255.0 245.0 238.0 seashell
240.0 255.0 240.0 honeydew
245.0 255.0 250.0 mint
245.0 255.0 250.0 MintCream
240.0 255.0 255.0 azure
240.0 248.0 255.0 alice
240.0 248.0 255.0 AliceBlue
230.0 230.0 250.0 lavender
255.0 240.0 245.0 lavender
255.0 240.0 245.0 LavenderBlush
255.0 228.0 225.0 misty
255.0 228.0 225.0 MistyRose
255.0 255.0 255.0 white
  0.0 0.0 0.0 black
 47.0 79.0 79.0 dark
 47.0 79.0 79.0 DarkSlateGray
 47.0 79.0 79.0 dark
 47.0 79.0 79.0 DarkSlateGrey
105.0 105.0 105.0 dim
105.0 105.0 105.0 DimGray
105.0 105.0 105.0 dim
105.0 105.0 105.0 DimGrey
112.0 128.0 144.0 slate
112.0 128.0 144.0 SlateGray
112.0 128.0 144.0 slate
112.0 128.0 144.0 SlateGrey
119.0 136.0 153.0 light
119.0 136.0 153.0 LightSlateGray
119.0 136.0 153.0 light
119.0 136.0 153.0 LightSlateGrey
190.0 190.0 190.0 gray
190.0 190.0 190.0 grey
211.0 211.0 211.0 light
211.0 211.0 211.0 LightGrey
211.0 211.0 211.0 light
211.0 211.0 211.0 LightGray
 25.0 25.0 112.0 midnight
 25.0 25.0 112.0 MidnightBlue
  0.0 0.0 128.0 navy
  0.0 0.0 128.0 navy
  0.0 0.0 128.0 NavyBlue
100.0 149.0 237.0 cornflower
100.0 149.0 237.0 CornflowerBlue
 72.0 61.0 139.0 dark
 72.0 61.0 139.0 DarkSlateBlue
106.0 90.0 205.0 slate
106.0 90.0 205.0 SlateBlue
123.0 104.0 238.0 medium
123.0 104.0 238.0 MediumSlateBlue
132.0 112.0 255.0 light
132.0 112.0 255.0 LightSlateBlue
  0.0 0.0 205.0 medium
  0.0 0.0 205.0 MediumBlue
 65.0 105.0 225.0 royal
 65.0 105.0 225.0 RoyalBlue
  0.0 0.0 255.0 blue
 30.0 144.0 255.0 dodger
 30.0 144.0 255.0 DodgerBlue
  0.0 191.0 255.0 deep
  0.0 191.0 255.0 DeepSkyBlue
135.0 206.0 235.0 sky
135.0 206.0 235.0 SkyBlue
135.0 206.0 250.0 light
135.0 206.0 250.0 LightSkyBlue
 70.0 130.0 180.0 steel
 70.0 130.0 180.0 SteelBlue
176.0 196.0 222.0 light
176.0 196.0 222.0 LightSteelBlue
173.0 216.0 230.0 light
173.0 216.0 230.0 LightBlue
176.0 224.0 230.0 powder
176.0 224.0 230.0 PowderBlue
175.0 238.0 238.0 pale
175.0 238.0 238.0 PaleTurquoise
  0.0 206.0 209.0 dark
  0.0 206.0 209.0 DarkTurquoise
 72.0 209.0 204.0 medium
 72.0 209.0 204.0 MediumTurquoise
 64.0 224.0 208.0 turquoise
  0.0 255.0 255.0 cyan
224.0 255.0 255.0 light
224.0 255.0 255.0 LightCyan
 95.0 158.0 160.0 cadet
 95.0 158.0 160.0 CadetBlue
102.0 205.0 170.0 medium
102.0 205.0 170.0 MediumAquamarine
127.0 255.0 212.0 aquamarine
  0.0 100.0 0.0 dark
  0.0 100.0 0.0 DarkGreen
 85.0 107.0 47.0 dark
 85.0 107.0 47.0 DarkOliveGreen
143.0 188.0 143.0 dark
143.0 188.0 143.0 DarkSeaGreen
 46.0 139.0 87.0 sea
 46.0 139.0 87.0 SeaGreen
 60.0 179.0 113.0 medium
 60.0 179.0 113.0 MediumSeaGreen
 32.0 178.0 170.0 light
 32.0 178.0 170.0 LightSeaGreen
152.0 251.0 152.0 pale
152.0 251.0 152.0 PaleGreen
  0.0 255.0 127.0 spring
  0.0 255.0 127.0 SpringGreen
124.0 252.0 0.0 lawn
124.0 252.0 0.0 LawnGreen
  0.0 255.0 0.0 green
127.0 255.0 0.0 chartreuse
  0.0 250.0 154.0 medium
  0.0 250.0 154.0 MediumSpringGreen
173.0 255.0 47.0 green
173.0 255.0 47.0 GreenYellow
 50.0 205.0 50.0 lime
 50.0 205.0 50.0 LimeGreen
154.0 205.0 50.0 yellow
154.0 205.0 50.0 YellowGreen
 34.0 139.0 34.0 forest
 34.0 139.0 34.0 ForestGreen
107.0 142.0 35.0 olive
107.0 142.0 35.0 OliveDrab
189.0 183.0 107.0 dark
189.0 183.0 107.0 DarkKhaki
240.0 230.0 140.0 khaki
238.0 232.0 170.0 pale
238.0 232.0 170.0 PaleGoldenrod
250.0 250.0 210.0 light
250.0 250.0 210.0 LightGoldenrodYellow
255.0 255.0 224.0 light
255.0 255.0 224.0 LightYellow
255.0 255.0 0.0 yellow
255.0 215.0 0.0 gold
238.0 221.0 130.0 light
238.0 221.0 130.0 LightGoldenrod
218.0 165.0 32.0 goldenrod
184.0 134.0 11.0 dark
184.0 134.0 11.0 DarkGoldenrod
188.0 143.0 143.0 rosy
188.0 143.0 143.0 RosyBrown
205.0 92.0 92.0 indian
205.0 92.0 92.0 IndianRed
139.0 69.0 19.0 saddle
139.0 69.0 19.0 SaddleBrown
160.0 82.0 45.0 sienna
205.0 133.0 63.0 peru
222.0 184.0 135.0 burlywood
245.0 245.0 220.0 beige
245.0 222.0 179.0 wheat
244.0 164.0 96.0 sandy
244.0 164.0 96.0 SandyBrown
210.0 180.0 140.0 tan
210.0 105.0 30.0 chocolate
178.0 34.0 34.0 firebrick
165.0 42.0 42.0 brown
233.0 150.0 122.0 dark
233.0 150.0 122.0 DarkSalmon
250.0 128.0 114.0 salmon
255.0 160.0 122.0 light
255.0 160.0 122.0 LightSalmon
255.0 165.0 0.0 orange
255.0 140.0 0.0 dark
255.0 140.0 0.0 DarkOrange
255.0 127.0 80.0 coral
240.0 128.0 128.0 light
240.0 128.0 128.0 LightCoral
255.0 99.0 71.0 tomato
255.0 69.0 0.0 orange
255.0 69.0 0.0 OrangeRed
255.0 0.0 0.0 red
255.0 105.0 180.0 hot
255.0 105.0 180.0 HotPink
255.0 20.0 147.0 deep
255.0 20.0 147.0 DeepPink
255.0 192.0 203.0 pink
255.0 182.0 193.0 light
255.0 182.0 193.0 LightPink
219.0 112.0 147.0 pale
219.0 112.0 147.0 PaleVioletRed
176.0 48.0 96.0 maroon
199.0 21.0 133.0 medium
199.0 21.0 133.0 MediumVioletRed
208.0 32.0 144.0 violet
208.0 32.0 144.0 VioletRed
255.0 0.0 255.0 magenta
238.0 130.0 238.0 violet
221.0 160.0 221.0 plum
218.0 112.0 214.0 orchid
186.0 85.0 211.0 medium
186.0 85.0 211.0 MediumOrchid
153.0 50.0 204.0 dark
153.0 50.0 204.0 DarkOrchid
148.0 0.0 211.0 dark
148.0 0.0 211.0 DarkViolet
138.0 43.0 226.0 blue
138.0 43.0 226.0 BlueViolet
160.0 32.0 240.0 purple
147.0 112.0 219.0 medium
147.0 112.0 219.0 MediumPurple
216.0 191.0 216.0 thistle
255.0 250.0 250.0 snow1
238.0 233.0 233.0 snow2
205.0 201.0 201.0 snow3
139.0 137.0 137.0 snow4
255.0 245.0 238.0 seashell1
238.0 229.0 222.0 seashell2
205.0 197.0 191.0 seashell3
139.0 134.0 130.0 seashell4
255.0 239.0 219.0 AntiqueWhite1
238.0 223.0 204.0 AntiqueWhite2
205.0 192.0 176.0 AntiqueWhite3
139.0 131.0 120.0 AntiqueWhite4
255.0 228.0 196.0 bisque1
238.0 213.0 183.0 bisque2
205.0 183.0 158.0 bisque3
139.0 125.0 107.0 bisque4
255.0 218.0 185.0 PeachPuff1
238.0 203.0 173.0 PeachPuff2
205.0 175.0 149.0 PeachPuff3
139.0 119.0 101.0 PeachPuff4
255.0 222.0 173.0 NavajoWhite1
238.0 207.0 161.0 NavajoWhite2
205.0 179.0 139.0 NavajoWhite3
139.0 121.0 94.0 NavajoWhite4
255.0 250.0 205.0 LemonChiffon1
238.0 233.0 191.0 LemonChiffon2
205.0 201.0 165.0 LemonChiffon3
139.0 137.0 112.0 LemonChiffon4
255.0 248.0 220.0 cornsilk1
238.0 232.0 205.0 cornsilk2
205.0 200.0 177.0 cornsilk3
139.0 136.0 120.0 cornsilk4
255.0 255.0 240.0 ivory1
238.0 238.0 224.0 ivory2
205.0 205.0 193.0 ivory3
139.0 139.0 131.0 ivory4
240.0 255.0 240.0 honeydew1
224.0 238.0 224.0 honeydew2
193.0 205.0 193.0 honeydew3
131.0 139.0 131.0 honeydew4
255.0 240.0 245.0 LavenderBlush1
238.0 224.0 229.0 LavenderBlush2
205.0 193.0 197.0 LavenderBlush3
139.0 131.0 134.0 LavenderBlush4
255.0 228.0 225.0 MistyRose1
238.0 213.0 210.0 MistyRose2
205.0 183.0 181.0 MistyRose3
139.0 125.0 123.0 MistyRose4
240.0 255.0 255.0 azure1
224.0 238.0 238.0 azure2
193.0 205.0 205.0 azure3
131.0 139.0 139.0 azure4
131.0 111.0 255.0 SlateBlue1
122.0 103.0 238.0 SlateBlue2
105.0 89.0 205.0 SlateBlue3
 71.0 60.0 139.0 SlateBlue4
 72.0 118.0 255.0 RoyalBlue1
 67.0 110.0 238.0 RoyalBlue2
 58.0 95.0 205.0 RoyalBlue3
 39.0 64.0 139.0 RoyalBlue4
  0.0 0.0 255.0 blue1
  0.0 0.0 238.0 blue2
  0.0 0.0 205.0 blue3
  0.0 0.0 139.0 blue4
 30.0 144.0 255.0 DodgerBlue1
 28.0 134.0 238.0 DodgerBlue2
 24.0 116.0 205.0 DodgerBlue3
 16.0 78.0 139.0 DodgerBlue4
 99.0 184.0 255.0 SteelBlue1
 92.0 172.0 238.0 SteelBlue2
 79.0 148.0 205.0 SteelBlue3
 54.0 100.0 139.0 SteelBlue4
  0.0 191.0 255.0 DeepSkyBlue1
  0.0 178.0 238.0 DeepSkyBlue2
  0.0 154.0 205.0 DeepSkyBlue3
  0.0 104.0 139.0 DeepSkyBlue4
135.0 206.0 255.0 SkyBlue1
126.0 192.0 238.0 SkyBlue2
108.0 166.0 205.0 SkyBlue3
 74.0 112.0 139.0 SkyBlue4
176.0 226.0 255.0 LightSkyBlue1
164.0 211.0 238.0 LightSkyBlue2
141.0 182.0 205.0 LightSkyBlue3
 96.0 123.0 139.0 LightSkyBlue4
198.0 226.0 255.0 SlateGray1
185.0 211.0 238.0 SlateGray2
159.0 182.0 205.0 SlateGray3
108.0 123.0 139.0 SlateGray4
202.0 225.0 255.0 LightSteelBlue1
188.0 210.0 238.0 LightSteelBlue2
162.0 181.0 205.0 LightSteelBlue3
110.0 123.0 139.0 LightSteelBlue4
191.0 239.0 255.0 LightBlue1
178.0 223.0 238.0 LightBlue2
154.0 192.0 205.0 LightBlue3
104.0 131.0 139.0 LightBlue4
224.0 255.0 255.0 LightCyan1
209.0 238.0 238.0 LightCyan2
180.0 205.0 205.0 LightCyan3
122.0 139.0 139.0 LightCyan4
187.0 255.0 255.0 PaleTurquoise1
174.0 238.0 238.0 PaleTurquoise2
150.0 205.0 205.0 PaleTurquoise3
102.0 139.0 139.0 PaleTurquoise4
152.0 245.0 255.0 CadetBlue1
142.0 229.0 238.0 CadetBlue2
122.0 197.0 205.0 CadetBlue3
 83.0 134.0 139.0 CadetBlue4
  0.0 245.0 255.0 turquoise1
  0.0 229.0 238.0 turquoise2
  0.0 197.0 205.0 turquoise3
  0.0 134.0 139.0 turquoise4
  0.0 255.0 255.0 cyan1
  0.0 238.0 238.0 cyan2
  0.0 205.0 205.0 cyan3
  0.0 139.0 139.0 cyan4
151.0 255.0 255.0 DarkSlateGray1
141.0 238.0 238.0 DarkSlateGray2
121.0 205.0 205.0 DarkSlateGray3
 82.0 139.0 139.0 DarkSlateGray4
127.0 255.0 212.0 aquamarine1
118.0 238.0 198.0 aquamarine2
102.0 205.0 170.0 aquamarine3
 69.0 139.0 116.0 aquamarine4
193.0 255.0 193.0 DarkSeaGreen1
180.0 238.0 180.0 DarkSeaGreen2
155.0 205.0 155.0 DarkSeaGreen3
105.0 139.0 105.0 DarkSeaGreen4
 84.0 255.0 159.0 SeaGreen1
 78.0 238.0 148.0 SeaGreen2
 67.0 205.0 128.0 SeaGreen3
 46.0 139.0 87.0 SeaGreen4
154.0 255.0 154.0 PaleGreen1
144.0 238.0 144.0 PaleGreen2
124.0 205.0 124.0 PaleGreen3
 84.0 139.0 84.0 PaleGreen4
  0.0 255.0 127.0 SpringGreen1
  0.0 238.0 118.0 SpringGreen2
  0.0 205.0 102.0 SpringGreen3
  0.0 139.0 69.0 SpringGreen4
  0.0 255.0 0.0 green1
  0.0 238.0 0.0 green2
  0.0 205.0 0.0 green3
  0.0 139.0 0.0 green4
127.0 255.0 0.0 chartreuse1
118.0 238.0 0.0 chartreuse2
102.0 205.0 0.0 chartreuse3
 69.0 139.0 0.0 chartreuse4
192.0 255.0 62.0 OliveDrab1
179.0 238.0 58.0 OliveDrab2
154.0 205.0 50.0 OliveDrab3
105.0 139.0 34.0 OliveDrab4
202.0 255.0 112.0 DarkOliveGreen1
188.0 238.0 104.0 DarkOliveGreen2
162.0 205.0 90.0 DarkOliveGreen3
110.0 139.0 61.0 DarkOliveGreen4
255.0 246.0 143.0 khaki1
238.0 230.0 133.0 khaki2
205.0 198.0 115.0 khaki3
139.0 134.0 78.0 khaki4
255.0 236.0 139.0 LightGoldenrod1
238.0 220.0 130.0 LightGoldenrod2
205.0 190.0 112.0 LightGoldenrod3
139.0 129.0 76.0 LightGoldenrod4
255.0 255.0 224.0 LightYellow1
238.0 238.0 209.0 LightYellow2
205.0 205.0 180.0 LightYellow3
139.0 139.0 122.0 LightYellow4
255.0 255.0 0.0 yellow1
238.0 238.0 0.0 yellow2
205.0 205.0 0.0 yellow3
139.0 139.0 0.0 yellow4
255.0 215.0 0.0 gold1
238.0 201.0 0.0 gold2
205.0 173.0 0.0 gold3
139.0 117.0 0.0 gold4
255.0 193.0 37.0 goldenrod1
238.0 180.0 34.0 goldenrod2
205.0 155.0 29.0 goldenrod3
139.0 105.0 20.0 goldenrod4
255.0 185.0 15.0 DarkGoldenrod1
238.0 173.0 14.0 DarkGoldenrod2
205.0 149.0 12.0 DarkGoldenrod3
139.0 101.0 8.0 DarkGoldenrod4
255.0 193.0 193.0 RosyBrown1
238.0 180.0 180.0 RosyBrown2
205.0 155.0 155.0 RosyBrown3
139.0 105.0 105.0 RosyBrown4
255.0 106.0 106.0 IndianRed1
238.0 99.0 99.0 IndianRed2
205.0 85.0 85.0 IndianRed3
139.0 58.0 58.0 IndianRed4
255.0 130.0 71.0 sienna1
238.0 121.0 66.0 sienna2
205.0 104.0 57.0 sienna3
139.0 71.0 38.0 sienna4
255.0 211.0 155.0 burlywood1
238.0 197.0 145.0 burlywood2
205.0 170.0 125.0 burlywood3
139.0 115.0 85.0 burlywood4
255.0 231.0 186.0 wheat1
238.0 216.0 174.0 wheat2
205.0 186.0 150.0 wheat3
139.0 126.0 102.0 wheat4
255.0 165.0 79.0 tan1
238.0 154.0 73.0 tan2
205.0 133.0 63.0 tan3
139.0 90.0 43.0 tan4
255.0 127.0 36.0 chocolate1
238.0 118.0 33.0 chocolate2
205.0 102.0 29.0 chocolate3
139.0 69.0 19.0 chocolate4
255.0 48.0 48.0 firebrick1
238.0 44.0 44.0 firebrick2
205.0 38.0 38.0 firebrick3
139.0 26.0 26.0 firebrick4
255.0 64.0 64.0 brown1
238.0 59.0 59.0 brown2
205.0 51.0 51.0 brown3
139.0 35.0 35.0 brown4
255.0 140.0 105.0 salmon1
238.0 130.0 98.0 salmon2
205.0 112.0 84.0 salmon3
139.0 76.0 57.0 salmon4
255.0 160.0 122.0 LightSalmon1
238.0 149.0 114.0 LightSalmon2
205.0 129.0 98.0 LightSalmon3
139.0 87.0 66.0 LightSalmon4
255.0 165.0 0.0 orange1
238.0 154.0 0.0 orange2
205.0 133.0 0.0 orange3
139.0 90.0 0.0 orange4
255.0 127.0 0.0 DarkOrange1
238.0 118.0 0.0 DarkOrange2
205.0 102.0 0.0 DarkOrange3
139.0 69.0 0.0 DarkOrange4
255.0 114.0 86.0 coral1
238.0 106.0 80.0 coral2
205.0 91.0 69.0 coral3
139.0 62.0 47.0 coral4
255.0 99.0 71.0 tomato1
238.0 92.0 66.0 tomato2
205.0 79.0 57.0 tomato3
139.0 54.0 38.0 tomato4
255.0 69.0 0.0 OrangeRed1
238.0 64.0 0.0 OrangeRed2
205.0 55.0 0.0 OrangeRed3
139.0 37.0 0.0 OrangeRed4
255.0 0.0 0.0 red1
238.0 0.0 0.0 red2
205.0 0.0 0.0 red3
139.0 0.0 0.0 red4
255.0 20.0 147.0 DeepPink1
238.0 18.0 137.0 DeepPink2
205.0 16.0 118.0 DeepPink3
139.0 10.0 80.0 DeepPink4
255.0 110.0 180.0 HotPink1
238.0 106.0 167.0 HotPink2
205.0 96.0 144.0 HotPink3
139.0 58.0 98.0 HotPink4
255.0 181.0 197.0 pink1
238.0 169.0 184.0 pink2
205.0 145.0 158.0 pink3
139.0 99.0 108.0 pink4
255.0 174.0 185.0 LightPink1
238.0 162.0 173.0 LightPink2
205.0 140.0 149.0 LightPink3
139.0 95.0 101.0 LightPink4
255.0 130.0 171.0 PaleVioletRed1
238.0 121.0 159.0 PaleVioletRed2
205.0 104.0 137.0 PaleVioletRed3
139.0 71.0 93.0 PaleVioletRed4
255.0 52.0 179.0 maroon1
238.0 48.0 167.0 maroon2
205.0 41.0 144.0 maroon3
139.0 28.0 98.0 maroon4
255.0 62.0 150.0 VioletRed1
238.0 58.0 140.0 VioletRed2
205.0 50.0 120.0 VioletRed3
139.0 34.0 82.0 VioletRed4
255.0 0.0 255.0 magenta1
238.0 0.0 238.0 magenta2
205.0 0.0 205.0 magenta3
139.0 0.0 139.0 magenta4
255.0 131.0 250.0 orchid1
238.0 122.0 233.0 orchid2
205.0 105.0 201.0 orchid3
139.0 71.0 137.0 orchid4
255.0 187.0 255.0 plum1
238.0 174.0 238.0 plum2
205.0 150.0 205.0 plum3
139.0 102.0 139.0 plum4
224.0 102.0 255.0 MediumOrchid1
209.0 95.0 238.0 MediumOrchid2
180.0 82.0 205.0 MediumOrchid3
122.0 55.0 139.0 MediumOrchid4
191.0 62.0 255.0 DarkOrchid1
178.0 58.0 238.0 DarkOrchid2
154.0 50.0 205.0 DarkOrchid3
104.0 34.0 139.0 DarkOrchid4
155.0 48.0 255.0 purple1
145.0 44.0 238.0 purple2
125.0 38.0 205.0 purple3
 85.0 26.0 139.0 purple4
171.0 130.0 255.0 MediumPurple1
159.0 121.0 238.0 MediumPurple2
137.0 104.0 205.0 MediumPurple3
 93.0 71.0 139.0 MediumPurple4
255.0 225.0 255.0 thistle1
238.0 210.0 238.0 thistle2
205.0 181.0 205.0 thistle3
139.0 123.0 139.0 thistle4
  0.0 0.0 0.0 gray0
  0.0 0.0 0.0 grey0
  3.0 3.0 3.0 gray1
  3.0 3.0 3.0 grey1
  5.0 5.0 5.0 gray2
  5.0 5.0 5.0 grey2
  8.0 8.0 8.0 gray3
  8.0 8.0 8.0 grey3
 10.0 10.0 10.0 gray4
 10.0 10.0 10.0 grey4
 13.0 13.0 13.0 gray5
 13.0 13.0 13.0 grey5
 15.0 15.0 15.0 gray6
 15.0 15.0 15.0 grey6
 18.0 18.0 18.0 gray7
 18.0 18.0 18.0 grey7
 20.0 20.0 20.0 gray8
 20.0 20.0 20.0 grey8
 23.0 23.0 23.0 gray9
 23.0 23.0 23.0 grey9
 26.0 26.0 26.0 gray10
 26.0 26.0 26.0 grey10
 28.0 28.0 28.0 gray11
 28.0 28.0 28.0 grey11
 31.0 31.0 31.0 gray12
 31.0 31.0 31.0 grey12
 33.0 33.0 33.0 gray13
 33.0 33.0 33.0 grey13
 36.0 36.0 36.0 gray14
 36.0 36.0 36.0 grey14
 38.0 38.0 38.0 gray15
 38.0 38.0 38.0 grey15
 41.0 41.0 41.0 gray16
 41.0 41.0 41.0 grey16
 43.0 43.0 43.0 gray17
 43.0 43.0 43.0 grey17
 46.0 46.0 46.0 gray18
 46.0 46.0 46.0 grey18
 48.0 48.0 48.0 gray19
 48.0 48.0 48.0 grey19
 51.0 51.0 51.0 gray20
 51.0 51.0 51.0 grey20
 54.0 54.0 54.0 gray21
 54.0 54.0 54.0 grey21
 56.0 56.0 56.0 gray22
 56.0 56.0 56.0 grey22
 59.0 59.0 59.0 gray23
 59.0 59.0 59.0 grey23
 61.0 61.0 61.0 gray24
 61.0 61.0 61.0 grey24
 64.0 64.0 64.0 gray25
 64.0 64.0 64.0 grey25
 66.0 66.0 66.0 gray26
 66.0 66.0 66.0 grey26
 69.0 69.0 69.0 gray27
 69.0 69.0 69.0 grey27
 71.0 71.0 71.0 gray28
 71.0 71.0 71.0 grey28
 74.0 74.0 74.0 gray29
 74.0 74.0 74.0 grey29
 77.0 77.0 77.0 gray30
 77.0 77.0 77.0 grey30
 79.0 79.0 79.0 gray31
 79.0 79.0 79.0 grey31
 82.0 82.0 82.0 gray32
 82.0 82.0 82.0 grey32
 84.0 84.0 84.0 gray33
 84.0 84.0 84.0 grey33
 87.0 87.0 87.0 gray34
 87.0 87.0 87.0 grey34
 89.0 89.0 89.0 gray35
 89.0 89.0 89.0 grey35
 92.0 92.0 92.0 gray36
 92.0 92.0 92.0 grey36
 94.0 94.0 94.0 gray37
 94.0 94.0 94.0 grey37
 97.0 97.0 97.0 gray38
 97.0 97.0 97.0 grey38
 99.0 99.0 99.0 gray39
 99.0 99.0 99.0 grey39
102.0 102.0 102.0 gray40
102.0 102.0 102.0 grey40
105.0 105.0 105.0 gray41
105.0 105.0 105.0 grey41
107.0 107.0 107.0 gray42
107.0 107.0 107.0 grey42
110.0 110.0 110.0 gray43
110.0 110.0 110.0 grey43
112.0 112.0 112.0 gray44
112.0 112.0 112.0 grey44
115.0 115.0 115.0 gray45
115.0 115.0 115.0 grey45
117.0 117.0 117.0 gray46
117.0 117.0 117.0 grey46
120.0 120.0 120.0 gray47
120.0 120.0 120.0 grey47
122.0 122.0 122.0 gray48
122.0 122.0 122.0 grey48
125.0 125.0 125.0 gray49
125.0 125.0 125.0 grey49
127.0 127.0 127.0 gray50
127.0 127.0 127.0 grey50
130.0 130.0 130.0 gray51
130.0 130.0 130.0 grey51
133.0 133.0 133.0 gray52
133.0 133.0 133.0 grey52
135.0 135.0 135.0 gray53
135.0 135.0 135.0 grey53
138.0 138.0 138.0 gray54
138.0 138.0 138.0 grey54
140.0 140.0 140.0 gray55
140.0 140.0 140.0 grey55
143.0 143.0 143.0 gray56
143.0 143.0 143.0 grey56
145.0 145.0 145.0 gray57
145.0 145.0 145.0 grey57
148.0 148.0 148.0 gray58
148.0 148.0 148.0 grey58
150.0 150.0 150.0 gray59
150.0 150.0 150.0 grey59
153.0 153.0 153.0 gray60
153.0 153.0 153.0 grey60
156.0 156.0 156.0 gray61
156.0 156.0 156.0 grey61
158.0 158.0 158.0 gray62
158.0 158.0 158.0 grey62
161.0 161.0 161.0 gray63
161.0 161.0 161.0 grey63
163.0 163.0 163.0 gray64
163.0 163.0 163.0 grey64
166.0 166.0 166.0 gray65
166.0 166.0 166.0 grey65
168.0 168.0 168.0 gray66
168.0 168.0 168.0 grey66
171.0 171.0 171.0 gray67
171.0 171.0 171.0 grey67
173.0 173.0 173.0 gray68
173.0 173.0 173.0 grey68
176.0 176.0 176.0 gray69
176.0 176.0 176.0 grey69
179.0 179.0 179.0 gray70
179.0 179.0 179.0 grey70
181.0 181.0 181.0 gray71
181.0 181.0 181.0 grey71
184.0 184.0 184.0 gray72
184.0 184.0 184.0 grey72
186.0 186.0 186.0 gray73
186.0 186.0 186.0 grey73
189.0 189.0 189.0 gray74
189.0 189.0 189.0 grey74
191.0 191.0 191.0 gray75
191.0 191.0 191.0 grey75
194.0 194.0 194.0 gray76
194.0 194.0 194.0 grey76
196.0 196.0 196.0 gray77
196.0 196.0 196.0 grey77
199.0 199.0 199.0 gray78
199.0 199.0 199.0 grey78
201.0 201.0 201.0 gray79
201.0 201.0 201.0 grey79
204.0 204.0 204.0 gray80
204.0 204.0 204.0 grey80
207.0 207.0 207.0 gray81
207.0 207.0 207.0 grey81
209.0 209.0 209.0 gray82
209.0 209.0 209.0 grey82
212.0 212.0 212.0 gray83
212.0 212.0 212.0 grey83
214.0 214.0 214.0 gray84
214.0 214.0 214.0 grey84
217.0 217.0 217.0 gray85
217.0 217.0 217.0 grey85
219.0 219.0 219.0 gray86
219.0 219.0 219.0 grey86
222.0 222.0 222.0 gray87
222.0 222.0 222.0 grey87
224.0 224.0 224.0 gray88
224.0 224.0 224.0 grey88
227.0 227.0 227.0 gray89
227.0 227.0 227.0 grey89
229.0 229.0 229.0 gray90
229.0 229.0 229.0 grey90
232.0 232.0 232.0 gray91
232.0 232.0 232.0 grey91
235.0 235.0 235.0 gray92
235.0 235.0 235.0 grey92
237.0 237.0 237.0 gray93
237.0 237.0 237.0 grey93
240.0 240.0 240.0 gray94
240.0 240.0 240.0 grey94
242.0 242.0 242.0 gray95
242.0 242.0 242.0 grey95
245.0 245.0 245.0 gray96
245.0 245.0 245.0 grey96
247.0 247.0 247.0 gray97
247.0 247.0 247.0 grey97
250.0 250.0 250.0 gray98
250.0 250.0 250.0 grey98
252.0 252.0 252.0 gray99
252.0 252.0 252.0 grey99
255.0 255.0 255.0 gray100
255.0 255.0 255.0 grey100
169.0 169.0 169.0 dark
169.0 169.0 169.0 DarkGrey
169.0 169.0 169.0 dark
169.0 169.0 169.0 DarkGray
0.0 0.0 139.0 dark
0.0 0.0 139.0 DarkBlue
0.0 139.0 139.0 dark
0.0 139.0 139.0 DarkCyan
139.0 0.0 139.0 dark
139.0 0.0 139.0 DarkMagenta
139.0 0.0 0.0 dark
139.0 0.0 0.0 DarkRed
144.0 238.0 144.0 light
144.0 238.0 144.0 LightGreen
